1 1=30 1=0 0
1 0
2 0
3 0
4 0
5 0
6 0
7 0
8 0
9 0
10 0
11 0
12 0
13 0
14 0
15 0
16 0
17 0
18 0
19 0
20 0
21 0
22 0
24 0
23 0
25 0
26 0
27 0
28 0
29 0
30 0
31 0
31 1
31 2
31 3
31 4
31 5
31 6
31 7
31 8
31 9
31 10
31 12
31 11
31 13
31 14
31 15
31 16
31 17
31 18
31 19
31 20
31 21
31 22
31 23
30 23
28 23
29 23
27 23
26 23
25 23
24 23
23 23
22 23
21 23
20 23
18 23
19 23
17 23
16 23
15 23
14 23
13 23
11 23
12 23
10 23
9 23
8 23
7 23
6 23
5 23
3 23
4 23
2 23
1 23
0 23
0 22
0 21
0 19
0 20
0 18
0 17
0 16
0 15
0 14
0 13
0 12
0 11
0 10
0 9
0 8
0 6
0 7
0 5
0 4
0 3
0 2
0 1
1 2
2 2
3 2
4 2
5 2
6 2
7 2
8 2
10 2
11 2
12 2
13 2
14 2
15 2
16 2
17 2
14 3
14 4
13 4
12 4
11 4
10 4
9 4
8 4
7 4
6 4
5 4
4 4
3 4
2 4
2 5
2 6
2 7
2 8
2 10
2 9
2 11
2 12
2 13
2 14
3 14
4 14
5 14
6 14
7 14
9 14
8 14
10 14
11 14
12 14
13 14
14 14
15 14
17 14
16 14
18 14
19 14
20 14
20 13
20 12
20 11
20 10
20 9
20 7
20 8
20 6
20 5
20 4
18 2
19 2
20 2
22 2
21 2
22 3
22 4
22 5
22 6
22 7
22 8
22 9
22 10
22 11
22 13
22 12
22 14
22 15
22 16
21 16
20 16
19 16
18 16
17 16
16 16
15 16
13 16
14 16
12 16
11 16
10 16
9 16
8 16
7 16
6 16
5 16
3 16
4 16
2 16
19 4
18 4
17 4
16 4
14 5
14 6
15 6
16 6
17 6
18 6
18 7
18 8
18 9
18 10
18 11
18 12
17 12
16 12
15 12
14 12
13 12
12 12
11 12
10 12
9 12
8 12
7 12
6 12
5 12
4 12
4 11
4 10
4 9
4 8
4 7
4 6
5 6
6 6
7 6
8 6
9 6
11 6
10 6
12 6
12 7
12 8
13 8
14 8
15 8
16 8
16 9
16 10
15 10
14 10
13 10
12 10
11 10
10 10
9 10
8 10
7 10
6 10
6 9
6 8
7 8
8 8
10 8
9 8
2 17
2 18
2 19
2 20
2 21
3 21
4 21
5 21
6 21
7 21
8 21
9 21
10 21
11 21
12 21
13 21
15 21
14 21
16 21
17 21
18 21
19 21
20 21
24 22
24 21
24 20
24 19
24 17
24 18
24 16
24 14
24 15
22 21
22 20
22 19
21 19
20 19
18 19
19 19
17 19
16 19
15 19
14 19
13 19
12 19
11 19
10 19
9 19
7 19
8 19
6 19
5 19
4 19
4 18
5 18
6 18
7 18
8 18
9 18
10 18
11 18
12 18
13 18
14 18
15 18
16 18
17 18
18 18
19 18
20 18
21 18
22 18
24 13
24 12
24 11
24 9
24 10
24 8
24 7
24 6
24 5
24 4
24 2
25 2
26 2
27 2
28 2
29 2
30 2
25 4
26 4
28 4
27 4
29 4
30 6
29 6
28 6
27 6
26 6
25 8
26 8
27 8
28 8
29 8
29 10
30 10
28 10
27 10
26 10
25 12
26 12
27 12
28 12
29 12
29 14
30 14
28 14
27 14
26 14
25 16
26 16
27 16
28 16
29 16
30 18
29 18
28 18
27 18
26 18
25 20
26 20
27 20
28 20
29 20
26 22
27 22
28 22
29 22
30 22
