1 0
0 0=R=3 3
4 3
5 3
6 3
7 3
8 3
9 3
10 3
11 3
3 4
3 5
3 6
3 7
3 8
3 9
3 13
3 14
3 16
3 15
3 17
3 18
3 19
3 20
4 20
5 20
6 20
7 20
8 20
9 20
10 20
11 20
12 3
12 20
13 3
13 20
18 20
19 20
22 20
21 20
20 20
23 20
24 20
25 20
26 20
27 20
28 20
28 19
28 18
28 17
28 16
28 15
28 14
28 13
18 3
19 3
20 3
21 3
22 3
23 3
24 3
25 3
27 3
26 3
28 3
28 4
28 5
28 6
28 7
28 8
28 9
11 8
12 8
13 8
15 8
14 8
16 8
17 8
19 8
18 8
20 8
22 10
22 11
22 12
9 12
9 10
9 11
9 13
11 15
12 15
13 15
14 15
15 15
16 15
17 15
18 15
19 15
20 15
22 13