2 1
1 1=R=31 23
31 22
31 21
31 20
31 18
31 19
31 17
31 16
31 15
31 14
31 12
31 13
31 11
31 10
31 9
31 8
31 7
31 6
31 5
31 4
31 3
31 2
31 1
31 0
30 0
29 0
28 0
27 0
26 0
24 0
25 0
23 0
22 0
21 0
20 0
19 0
18 0
17 0
16 0
15 0
14 0
13 0
12 0
11 0
10 0
9 0
7 0
8 0
6 0
5 0
4 0
3 0
1 0
2 0
0 0
0 1
0 2
0 3
0 4
0 5
0 7
0 6
0 9
0 8
0 11
0 10
0 12
0 13
0 14
0 15
0 16
0 17
0 18
0 19
0 20
0 21
0 22
0 23
1 23
2 23
3 23
4 23
5 23
6 23
7 23
8 23
9 23
10 23
12 23
11 23
13 23
14 23
16 23
15 23
18 23
17 23
19 23
20 23
21 23
23 23
22 23
24 23
25 23
26 23
28 23
29 23
30 23
27 23
30 20
29 20
28 22
28 20
27 20
26 20
26 21
25 21
25 20
25 19
25 18
23 21
22 21
21 21
20 21
19 21
26 18
27 18
28 18
29 18
23 20
23 19
23 18
18 21
16 21
16 20
16 19
16 18
16 17
18 20
19 20
21 20
22 20
22 19
21 19
20 19
20 20
19 19
18 19
16 16
18 16
19 16
20 16
20 17
21 17
21 16
22 16
23 16
25 17
25 16
25 15
26 15
27 15
27 16
29 16
29 15
30 15
30 16
25 13
24 13
23 13
22 13
26 13
27 13
28 13
29 13
30 13
21 13
20 13
23 15
22 15
19 13
19 14
21 15
16 15
17 14
16 14
17 13
16 13
29 11
28 11
27 11
26 11
29 10
29 9
29 8
29 7
29 6
29 5
29 4
29 3
29 2
28 2
27 2
26 2
25 2
24 2
23 2
22 2
20 2
21 2
19 2
17 2
17 3
17 4
18 4
19 4
20 4
21 4
22 4
23 4
24 4
25 4
27 4
26 4
27 6
28 6
26 6
25 6
24 6
23 6
22 6
21 6
17 5
17 6
19 5
19 6
19 8
20 8
18 8
17 8
17 7
21 8
22 8
23 8
25 8
24 8
26 8
27 8
27 10
28 10
25 9
24 9
24 11
22 10
21 10
20 10
19 10
18 10
17 10
21 11
22 11
20 11
19 11
18 11
17 11
15 21
14 21
13 21
12 21
14 18
14 19
14 17
14 16
14 15
12 14
12 15
12 16
12 17
12 18
12 19
12 20
14 13
14 12
14 11
14 10
16 11
16 10
15 10
12 12
12 11
12 10
12 9
12 8
12 7
15 2
15 3
15 4
15 5
15 6
15 7
14 7
14 6
14 5
14 4
14 2
12 2
13 2
13 4
13 5
10 2
10 4
10 3
7 4
8 4
6 4
5 4
9 2
8 2
7 2
6 2
5 2
4 2
3 2
2 2
4 4
3 4
2 4
8 5
8 6
8 7
8 8
10 5
10 6
10 7
10 8
10 9
10 10
9 10
8 10
7 10
6 10
5 10
4 10
3 10
2 10
2 9
2 8
2 7
2 6
2 5
7 8
6 8
5 8
4 8
4 6
4 7
5 6
6 6
10 11
10 12
10 13
10 15
10 14
10 16
2 12
2 13
2 14
2 15
2 16
2 18
2 17
2 19
2 20
2 21
6 12
5 12
7 12
8 12
4 12
9 14
8 14
6 14
7 14
5 14
4 14
3 12
3 16
4 16
5 16
6 16
8 16
7 16
10 17
10 18
9 18
8 18
7 18
5 18
6 18
4 18
4 20
5 20
7 20
6 20
8 20
9 20
10 20
10 21
10 22
2 22
4 22
5 22
6 22
7 22
8 22
12 4
12 5
14 8
15 8
24 10
19 17
18 17
30 21
12 6
